$ANSIBLE_VAULT;1.1;AES256
35666631303633333864346637343330396662386437343565323732633639303835623366333464
3566636533663565396338393566383064633164366163660a333637663764623634613634646336
33393861353734353933646138393362616433376465626334376364613536616530393331663230
3965303261316638660a323961373232643363306664646163373036376530303463353635643565
65336165393232316638636131653933373666333932616432663161356236636130373539343962
36376134333564306563663231393638623632643061323239353637386563623733643634333437
62326265383235393532343736316630626231386235663130316464633434343961326639666362
33616561373931306330386336356535613535393833663137653139396636386232343665343961
61313962616563613365383737653734643237376633323736386239393532306361323435323461
33353363303630303132613866643565303461626637363135633537663634376563656564613566
66383332313035353038393736323961333661373064646161373131616636313936656231633663
65623033636463313862
